id|suburb|avgMonthlyKL|latitude|longitude
2|AURORA|10|-32.705958|18.485135
1|ATHLONE|11|-33.96722|18.50214
3|BANTRY BAY|13|-33.927953|18.382592
4|BELLVILLE SOUTH|11|-33.920011|18.642819
5|BERGVLIET|8|-34.047464|18.452499
6|BISHOP LAVIS|9|-33.947283|18.575133
7|BISHOPSCOURT|12|-33.991092|18.444217
8|BLOMTUIN|9|-33.882677|18.652075
9|BONTEHEUWEL|9|-33.950161|18.554446
10|BOTHASIG|9|-33.860418|18.544612
11|BRANDWAG|10|-34.065011|22.06257
12|BRIDGETOWN|11|-33.95|18.533333
13|BROOKLYN|11|-33.90982|18.481978
14|CLAREMONT|7|-33.985847|18.45749
15|CLIFTON|13|-33.934259|18.378476
16|CLOVELLY|5|-34.124867|18.432759
17|CONSTANTIA|11|-34.01832|18.441142
18|CRAVENBY|13|-33.926369|18.593577
19|CRAWFORD|12|-33.978555|18.50413
20|CROSSROADS|8|-33.994451|18.595982
21|DURBANVILLE|9|-33.841588|18.651795
22|DURBANVILLE HILLS|10|-33.85006|18.638249
23|EDGEMEAD|7|-33.874974|18.542875
24|EERSTERIVIER|9|-33.999247|18.734692
25|ELIM|9|-34.589721|19.757882
26|EPPING FOREST|9|-33.935076|18.577562
27|GARDEN VILLAGE|9|-33.93624|18.487486
28|GARDENS|9|-33.936051|18.404945
29|GAYLEE|12|-33.974819|18.701351
30|GLENCAIRN|6|-34.155909|18.41995
31|GRASSY PARK|12|-34.047195|18.498626
32|GREEN POINT|9|-33.910012|18.403859
33|GUGULETU|10|-33.983511|18.570596
34|HANOVER PARK|9|-33.994609|18.529775
35|HAPPY VALLEY|7|-33.933406|20.074828
36|HEATHFIELD|9|-34.047645|18.46808
37|HEIDEVELD|9|-33.964769|18.548435
38|HOUT BAY|9|-34.033333|18.35
39|KALK BAY|6|-34.124958|18.450676
40|KENSINGTON|11|-33.915435|18.501743
41|KOMMETJIE|7|-34.138929|18.329108
42|LAKESIDE|6|-34.089125|18.458681
43|LANGA|9|-33.945057|18.534307
44|LANSDOWNE|12|-33.987354|18.497457
46|LLANDUDNO|9|-34.009198|18.344159
47|LOTUS RIVER|11|-34.037828|18.517059
45|LAVENDER HILL|9|-34.073458|18.486572
49|MAITLAND|12|-33.921734|18.490299
48|MACASSAR|11|-34.064046|18.763337
50|MAMRE|9|-33.512728|18.473736
51|MANENBERG|11|-33.98972|18.556274
52|MATROOSFONTEIN|9|-33.940598|18.574469
53|MEADOWRIDGE|8|-34.032796|18.452906
54|MFULENI|8|-33.998061|18.672907
55|MILNERTON|9|-33.874573|18.499149
56|MONTANA|11|-33.422832|19.204617
57|MONTE VISTA|8|-33.879053|18.554474
58|MOWBRAY|8|-33.948024|18.473333
59|MUIZENBERG|6|-34.104509|18.468289
60|NEWLANDS|8|-33.966667|18.483333
61|NOOITGEDACHT|10|-33.619813|19.7421
62|NOORDHOEK|9|-32.718097|19.066886
63|NYANGA|10|-33.987472|18.585457
64|OAKDALE|8|-33.833333|18.683333
65|OBSERVATORY|7|-33.936126|18.467872
66|OCEAN VIEW|10|-34.148613|18.353646
67|ORANJEZICHT|10|-33.942532|18.408982
68|OTTERY|10|-34.016785|18.505041
69|PARKWOOD|13|-34.028863|18.4955
70|PAROW|13|-33.897228|18.599924
71|PENHILL|12|-33.993096|18.733482
72|PHILADELPHIA|9|-33.665835|18.581233
73|PHILIPPI|9|-34.008747|18.542716
74|PINELANDS|9|-33.934769|18.517694
75|PLUMSTEAD|8|-34.019091|18.478345
76|RAVENSMEAD|11|-33.921362|18.609081
77|RIVERSIDE|8|-34.140273|18.882027
78|ROCKLANDS|10|-34.216818|18.463655
79|ROSEBANK|8|-33.950865|18.471641
80|ROSENDAL|10|-33.833333|18.516667
81|RUGBY|9|-33.895717|18.490115
82|SALT RIVER|11|-33.932547|18.466182
83|SANDDRIFT|8|-33.883289|18.504209
84|SCARBOROUGH|4|-34.198909|18.377605
85|SCHOONGEZICHT|9|-33.818626|18.651614
86|SEA POINT|10|-33.9198|18.389271
87|SILVERTOWN|10|-33.963653|18.530105
88|SOMERSET WEST|6|-34.079375|18.85699
89|SONSTRAAL|10|-33.844689|18.663242
90|SOUTHFIELD|9|-34.033874|18.485929
91|STEENBERG|10|-34.074425|18.470234
92|STELLENBERG|9|-33.866088|18.659923
97|THORNTON|9|-33.922449|18.536199
101|VYGEBOOM|13|-34.066379|19.10953
106|WITSAND|9|-34.395474|20.844846
111|FAURE|0|-34.027804|18.748525
116|KHAYELITSHA|0|-34.039321|18.679156
121|YSTERPLAAT|0|-33.906357|18.490785
93|STRAND|9|-34.106869|18.827513
98|THREE ANCHOR BAY|9|-33.909067|18.395743
102|WELGEMOED|11|-33.877069|18.617141
107|WOODLANDS|9|-34.1|18.383333
112|FERNWOOD|0|-33.983333|18.45
117|KRAAIFONTEIN|0|-33.848084|18.717235
94|STRANDFONTEIN|9|-34.073097|18.561189
103|WESBANK|7|-33.594102|22.192635
108|WOODSTOCK|9|-33.931564|18.444802
113|GOEDE HOOP|0|-33.604011|18.970768
118|MONTAGUE GARDENS|0|-33.863523|18.520323
95|TABLE VIEW|8|-33.819128|18.488102
99|TOKAI|8|-34.060458|18.437825
104|WESTLAKE|11|-34.07607|18.437924
109|WYNBERG|9|-33.983333|18.4
114|GOOD HOPE|0|-34.098713|18.385622
119|MOUILLE POINT|0|-33.900271|18.405314
96|TAMBOERSKLOOF|8|-33.929411|18.404388
100|VREDEHOEK|8|-33.940992|18.421302
105|WINDERMERE|10|-33.908311|18.520216
110|BRANDWACHT|0|-33.622557|19.413941
115|HIGH RIDING|0|-34.101328|18.389407
120|OUDEKRAAL|0|-34.25|19.6
